60.29296875	35
60.64453125	41
60.99609375	41
61.34765625	37
61.69921875	37
62.05078125	34
62.40234375	34
62.75390625	32
63.10546875	32
63.45703125	32
63.80859375	36
64.16015625	35
64.51171875	35
64.86328125	33
65.21484375	35
65.56640625	34
65.91796875	33
66.26953125	30
66.62109375	34
66.97265625	34
67.32421875	35
67.67578125	35
68.02734375	35
68.37890625	36
68.73046875	39
69.08203125	39
69.43359375	39
69.78515625	39
70.13671875	40
70.48828125	41
70.83984375	41
71.19140625	41
71.54296875	41
71.89453125	43
72.24609375	48
72.59765625	43
72.94921875	48
73.30078125	48
73.65234375	52
74.00390625	53
74.35546875	53
74.70703125	53
75.05859375	57
75.41015625	56
75.76171875	56
76.11328125	58
76.46484375	56
76.81640625	56
77.16796875	58
77.51953125	63
77.87109375	63
78.22265625	63
78.57421875	69
78.92578125	69
79.27734375	73
79.62890625	72
79.98046875	73
80.33203125	73
80.68359375	76
81.03515625	76
81.38671875	76
81.73828125	83
82.08984375	83
82.44140625	91
82.79296875	90
83.14453125	90
83.49609375	90
83.84765625	94
84.19921875	94
84.55078125	94
84.90234375	94
85.25390625	94
85.60546875	97
85.95703125	97
86.30859375	99
86.66015625	99
87.01171875	113
87.36328125	113
87.71484375	113
88.06640625	124
88.41796875	0
88.76953125	0
89.12109375	0
89.47265625	0
89.82421875	7
90.17578125	152
90.52734375	152
90.87890625	189
91.23046875	189
91.58203125	1290
91.93359375	1290
92.28515625	1290
92.63671875	1287
92.98828125	1287
93.33984375	1285
93.69140625	1282
94.04296875	1276
94.39453125	1269
94.74609375	1269
95.09765625	1269
95.44921875	1269
95.80078125	1263
96.15234375	1263
96.50390625	1257
96.85546875	1255
97.20703125	1248
97.55859375	1247
97.91015625	1246
98.26171875	1236
98.61328125	1236
98.96484375	1233
99.31640625	1231
99.66796875	1231
100.01953125	1228
100.37109375	1227
100.72265625	1221
101.07421875	1212
101.42578125	1209
101.77734375	1208
102.12890625	1207
102.48046875	1208
102.83203125	1207
103.18359375	1205
103.53515625	1198
103.88671875	1196
104.23828125	1196
104.58984375	1194
104.94140625	1193
105.29296875	1192
105.64453125	1188
105.99609375	1184
106.34765625	1184
106.69921875	1184
107.05078125	1179
107.40234375	1178
107.75390625	1174
108.10546875	1170
108.45703125	1170
108.80859375	1170
109.16015625	1168
109.51171875	1167
109.86328125	1169
110.21484375	1167
110.56640625	1163
110.91796875	1164
111.26953125	1164
111.62109375	1163
111.97265625	1159
112.32421875	1150
112.67578125	1092
113.02734375	1092
113.37890625	1092
113.73046875	1147
114.08203125	1148
114.43359375	1148
114.78515625	1148
115.13671875	1147
115.48828125	1143
115.83984375	1143
116.19140625	1143
116.54296875	1143
116.89453125	1144
117.24609375	1147
117.59765625	1144
117.94921875	1144
118.30078125	1144
118.65234375	1144
119.00390625	1144
119.35546875	1143
119.70703125	1142
120.05859375	1142
120.41015625	1142
120.76171875	1142
121.11328125	1142
121.46484375	1141
121.81640625	1141
122.16796875	1139
122.51953125	1139
122.87109375	1141
123.22265625	1145
123.57421875	1145
123.92578125	1145
124.27734375	1145
124.62890625	1145
124.98046875	1148
125.33203125	1148
125.68359375	1146
126.03515625	1144
126.38671875	1146
126.73828125	1144
127.08984375	1144
127.44140625	1146
127.79296875	1149
128.14453125	1146
128.49609375	1149
128.84765625	1146
129.19921875	1146
129.55078125	1117
129.90234375	1117
130.25390625	1117
130.60546875	1125
130.95703125	1152
131.30859375	1157
131.66015625	1159
132.01171875	1159
132.36328125	1159
132.71484375	1160
133.06640625	1164
133.41796875	1165
133.76953125	1174
134.12109375	1175
134.47265625	1175
134.82421875	1176
135.17578125	1180
135.52734375	1182
135.87890625	1182
136.23046875	1182
136.58203125	1186
136.93359375	1189
137.28515625	1191
137.63671875	1194
137.98828125	1195
138.33984375	1195
138.69140625	1195
139.04296875	1195
139.39453125	1195
139.74609375	1195
140.09765625	1196
140.44921875	1203
140.80078125	1204
141.15234375	1216
141.50390625	2161
141.85546875	2161
142.20703125	2177
142.55859375	2161
142.91015625	2139
143.26171875	1342
143.61328125	1335
143.96484375	1335
144.31640625	1342
144.66796875	1348
145.01953125	1348
145.37109375	1352
145.72265625	1352
146.07421875	1378
146.42578125	1394
146.77734375	1406
147.12890625	1424
147.48046875	1444
147.83203125	1464
148.18359375	1485
148.53515625	1496
148.88671875	1497
149.23828125	1499
149.58984375	1508
149.94140625	1519
150.29296875	1520
150.64453125	1527
150.99609375	1529
151.34765625	1538
151.69921875	1538
152.05078125	1549
152.40234375	1553
152.75390625	1562
153.10546875	1569
153.45703125	1570
153.80859375	1580
154.16015625	1590
154.51171875	1591
154.86328125	1602
155.21484375	1656
155.56640625	1859
155.91796875	1859
156.26953125	1859
156.62109375	1850
156.97265625	1845
157.32421875	1839
157.67578125	1837
158.02734375	1833
158.37890625	1829
158.73046875	1826
159.08203125	1817
159.43359375	1814
159.78515625	1804
160.13671875	1800
160.48828125	1799
160.83984375	1799
161.19140625	1793
161.54296875	1786
161.89453125	1784
162.24609375	1780
162.59765625	1779
162.94921875	1775
163.30078125	1761
163.65234375	1760
164.00390625	1759
164.35546875	1757
164.70703125	1757
165.05859375	1757
165.41015625	1754
165.76171875	1751
166.11328125	1751
166.46484375	1747
166.81640625	1739
167.16796875	1737
167.51953125	1733
167.87109375	1733
168.22265625	1732
168.57421875	1732
168.92578125	1729
169.27734375	1725
169.62890625	1724
169.98046875	1724
170.33203125	1719
170.68359375	1715
171.03515625	1715
171.38671875	1715
171.73828125	1707
172.08984375	1707
172.44140625	1706
172.79296875	1706
173.14453125	1705
173.49609375	1705
173.84765625	1702
174.19921875	1701
174.55078125	1701
174.90234375	1697
175.25390625	1696
175.60546875	1696
175.95703125	1696
176.30859375	1696
176.66015625	1695
177.01171875	1695
177.36328125	1695
177.71484375	1691
178.06640625	1688
178.41796875	1688
178.76953125	1685
179.12109375	1685
179.47265625	1685
179.82421875	1685
180.17578125	1683
180.52734375	1683
180.87890625	1683
181.23046875	1686
181.58203125	1686
181.93359375	1689
182.28515625	1689
182.63671875	1689
182.98828125	1689
183.33984375	1689
183.69140625	1689
184.04296875	1689
184.39453125	1670
184.74609375	1627
185.09765625	1566
185.44921875	1510
185.80078125	1446
186.15234375	1412
186.50390625	1365
186.85546875	1312
187.20703125	1269
187.55859375	1239
187.91015625	1206
188.26171875	1175
188.61328125	1147
188.96484375	1110
189.31640625	1083
189.66796875	1065
190.01953125	1033
190.37109375	1014
190.72265625	933
191.07421875	911
191.42578125	902
191.77734375	896
192.12890625	881
192.48046875	866
192.83203125	846
193.18359375	845
193.53515625	791
193.88671875	778
194.23828125	765
194.58984375	764
194.94140625	749
195.29296875	739
195.64453125	718
195.99609375	716
196.34765625	705
196.69921875	701
197.05078125	692
197.40234375	687
197.75390625	673
198.10546875	653
198.45703125	651
198.80859375	650
199.16015625	641
199.51171875	626
199.86328125	625
200.21484375	613
200.56640625	609
200.91796875	599
201.26953125	596
201.62109375	585
201.97265625	581
202.32421875	580
202.67578125	562
203.02734375	553
203.37890625	551
203.73046875	543
204.08203125	536
204.43359375	533
204.78515625	525
205.13671875	524
205.48828125	520
205.83984375	512
206.19140625	501
206.54296875	499
206.89453125	497
207.24609375	486
207.59765625	484
207.94921875	482
208.30078125	467
208.65234375	464
209.00390625	461
209.35546875	457
209.70703125	455
210.05859375	452
210.41015625	446
210.76171875	445
211.11328125	438
211.46484375	436
211.81640625	433
212.16796875	431
212.51953125	430
212.87109375	420
213.22265625	419
213.57421875	415
213.92578125	404
214.27734375	404
214.62890625	404
214.98046875	403
215.33203125	391
215.68359375	391
216.03515625	390
216.38671875	390
216.73828125	388
217.08984375	388
217.44140625	388
217.79296875	399
218.14453125	399
218.49609375	399
218.84765625	394
219.19921875	394
219.55078125	389
219.90234375	384
220.25390625	382
220.60546875	379
220.95703125	374
221.30859375	374
221.66015625	373
222.01171875	373
222.36328125	368
222.71484375	362
223.06640625	362
223.41796875	361
223.76953125	357
224.12109375	356
224.47265625	356
224.82421875	355
225.17578125	352
225.52734375	352
225.87890625	349
226.23046875	348
226.58203125	346
226.93359375	345
227.28515625	343
227.63671875	338
227.98828125	339
228.33984375	339
228.69140625	332
229.04296875	330
229.39453125	326
229.74609375	325
230.09765625	323
230.44921875	322
230.80078125	322
231.15234375	321
231.50390625	321
231.85546875	317
232.20703125	317
232.55859375	316
232.91015625	314
233.26171875	311
233.61328125	308
233.96484375	307
234.31640625	307
234.66796875	306
235.01953125	306
235.37109375	304
235.72265625	304
236.07421875	303
236.42578125	304
236.77734375	303
237.12890625	303
237.48046875	303
237.83203125	303
238.18359375	299
238.53515625	296
238.88671875	295
239.23828125	295
239.58984375	295
239.94140625	295
240.29296875	297
240.64453125	297
240.99609375	293
241.34765625	293
241.69921875	293
242.05078125	293
242.40234375	293
242.75390625	287
243.10546875	283
243.45703125	278
243.80859375	278
244.16015625	278
244.51171875	282
244.86328125	282
245.21484375	285
245.56640625	287
245.91796875	287
246.26953125	282
246.62109375	281
246.97265625	281
247.32421875	277
247.67578125	276
248.02734375	272
248.37890625	272
248.73046875	271
249.08203125	271
249.43359375	271
249.78515625	270
250.13671875	271
250.48828125	276
250.83984375	276
251.19140625	277
251.54296875	277
251.89453125	276
252.24609375	272
252.59765625	272
252.94921875	270
253.30078125	268
253.65234375	268
254.00390625	272
254.35546875	268
254.70703125	269
255.05859375	269
255.41015625	269
255.76171875	269
256.11328125	269
256.46484375	268
256.81640625	268
257.16796875	267
257.51953125	267
257.87109375	260
258.22265625	260
258.57421875	259
258.92578125	260
259.27734375	260
259.62890625	266
259.98046875	266
260.33203125	266
260.68359375	266
261.03515625	265
261.38671875	265
261.73828125	265
262.08984375	268
262.44140625	268
262.79296875	269
263.14453125	269
263.49609375	269
263.84765625	268
264.19921875	268
264.55078125	268
264.90234375	272
265.25390625	268
265.60546875	265
265.95703125	265
266.30859375	265
266.66015625	265
267.01171875	267
267.36328125	268
267.71484375	268
268.06640625	268
268.41796875	268
268.76953125	268
269.12109375	268
269.47265625	267
269.82421875	266
270.17578125	266
270.52734375	266
270.87890625	267
271.23046875	272
271.58203125	272
271.93359375	269
272.28515625	269
272.63671875	269
272.98828125	269
273.33984375	260
273.69140625	233
274.04296875	229
274.39453125	229
274.74609375	229
275.09765625	267
275.44921875	268
275.80078125	274
276.15234375	274
276.50390625	275
276.85546875	277
277.20703125	277
277.55859375	278
277.91015625	278
278.26171875	281
278.61328125	282
278.96484375	282
279.31640625	281
279.66796875	281
280.01953125	282
280.37109375	282
280.72265625	0
281.07421875	0
281.42578125	0
281.77734375	0
282.12890625	0
282.48046875	0
282.83203125	0
283.18359375	0
283.53515625	0
283.88671875	7
284.23828125	0
284.58984375	86
284.94140625	0
285.29296875	0
285.64453125	99
285.99609375	0
286.34765625	7
286.69921875	0
287.05078125	0
287.40234375	0
287.75390625	0
288.10546875	0
288.45703125	0
288.80859375	0
289.16015625	0
289.51171875	0
289.86328125	0
290.21484375	0
290.56640625	0
290.91796875	0
291.26953125	0
291.62109375	0
291.97265625	0
292.32421875	7
292.67578125	0
293.02734375	0
293.37890625	0
293.73046875	0
294.08203125	0
294.43359375	68
294.78515625	68
295.13671875	68
295.48828125	68
295.83984375	68
296.19140625	64
296.54296875	61
296.89453125	55
297.24609375	50
297.59765625	55
297.94921875	55
298.30078125	55
298.65234375	56
299.00390625	56
299.35546875	54
299.70703125	54
